 56813 10599 44470 27067 42057 35396  4441 65061
 16610 23127 38429 49580 27497 48246  4959 12489
 46729 22019 44714 15145 61919 33136 10773  7410
 12078 56505 60019 57558 58305 14087  2310 52813
 19996  7427  6799 16627 19179 15804 52752 22333
 63952 15474 30491 39566 35051 58734 61865 57415
  3498 17088 54089 41954 25383 26724 14484 27081
 42133 63931 44761 33427 32555 21503 31013 24183
 64518 21731 22844  2509  6945 56286 64467 10372
 13139 36293  8009  8257  1705 49689 52949 39107
 57977 39118 35342 12194 16872  1411 24585 32338
 18712 61114  3946 40932 45395 17813 20911 38691
 50454 45401 29187 53529 51430   762 19785 15843
 63402 52575 20917 65331 61416 60899 59882 44805
 37891 29537 49835 14562 62418 17937 56290  9904
 41899 36251 22541 28118 45092 14749  7812 58212
 10886  6395 26494 19317 50985 12177 19166 17124
 10445 20392 42467  5801  9471 49716 13960 28701
 11554 26569 24792 42279 10138 43378
